Webots Project File version R2023b
perspectives: 000000ff00000000fd0000000300000000000001ca0000039ffc0200000001fb00000012005300630065006e0065005400720065006501000000000000039f00000000000000000000000100000370000001f4fc0200000001fb0000001400540065007800740045006400690074006f0072010000001a000001f40000008b00ffffff0000000300000780000001b6fc0100000002fb0000001a0043006f006e0073006f006c00650041006c006c0041006c006c0100000000000007800000006900fffffffb0000000e0043006f006e0073006f006c006501000001d0000005b000000000000000000000040e000001f400000004000000040000000100000008fc00000000
simulationViewPerspectives: 000000ff0000000100000002000000fc0000039a0100000002010000000101
sceneTreePerspectives: 000000ff000000010000000300000022000001c4000000fa0100000002010000000201
minimizedPerspectives: 000000ff00000000fd0000000300000000000001ca0000039ffc0200000001fb00000012005300630065006e0065005400720065006501000000000000039f0000000000000000000000010000031800000279fc0200000001fb0000001400540065007800740045006400690074006f00720300000316000001f1000003180000027900000003000002800000003afc0100000002fb0000000e0043006f006e0073006f006c006501000001d0000005b00000000000000000fb0000001a0043006f006e0073006f006c00650041006c006c0041006c006c0100000000000002800000006900ffffff000002800000017f00000004000000040000000100000008fc00000000
maximizedDockId: 0
centralWidgetVisible: 1
orthographicViewHeight: 1
textFiles: 0 "controllers/e-puck_maze-solver/e-puck_maze-solver.py"
globalOptionalRendering: DistanceSensorRays
consoles: Console:All:All
renderingDevicePerspectives: e-puck:camera;1;0.820513;0;0
renderingDevicePerspectives: robot:camera;0;0.820513;0.00094697;0
